5.593299999999999661e-02
0.000000000000000000e+00
0.000000000000000000e+00
0.000000000000000000e+00
2.472830000000000028e-01
6.646779999999999911e-01
0.000000000000000000e+00
0.000000000000000000e+00
5.573949999999999738e-01
1.029879999999999962e-01
0.000000000000000000e+00
9.828299999999999537e-02
2.397000000000000172e-02
2.117499999999999938e-02
4.541789999999999994e-01
2.740049999999999986e-01
1.001699999999999952e-01
8.898300000000000654e-02
0.000000000000000000e+00
2.887100000000000083e-02
4.312200000000000061e-02
2.358400000000000080e-02
2.946259999999999990e-01
3.247729999999999784e-01
3.039120000000000155e-01
0.000000000000000000e+00
2.786549999999999860e-01
0.000000000000000000e+00
0.000000000000000000e+00
1.324309999999999932e-01
1.075899999999999947e-02
1.440230000000000121e-01
8.977000000000000604e-03
1.863400000000000126e-02
3.998399999999999871e-02
0.000000000000000000e+00
8.264399999999999524e-02
0.000000000000000000e+00
0.000000000000000000e+00
0.000000000000000000e+00
0.000000000000000000e+00
0.000000000000000000e+00
3.103920000000000012e-01
1.733099999999999918e-01
0.000000000000000000e+00
1.027450000000000030e-01
0.000000000000000000e+00
1.214070000000000010e-01
0.000000000000000000e+00
4.412599999999999856e-02
3.003080000000000194e-01
5.622699999999999920e-02
0.000000000000000000e+00
1.846000000000000071e-02
5.444000000000000054e-03
0.000000000000000000e+00
0.000000000000000000e+00
1.329500000000000126e-01
4.970900000000000318e-02
4.035400000000000098e-02
0.000000000000000000e+00
7.974900000000000044e-02
0.000000000000000000e+00
6.453299999999999592e-01
0.000000000000000000e+00
0.000000000000000000e+00
1.633400000000000130e-01
1.188619999999999954e-01
0.000000000000000000e+00
0.000000000000000000e+00
5.930680000000000396e-01
4.868460000000000010e-01
6.719799999999999385e-02
8.592400000000000038e-02
4.005449999999999844e-01
0.000000000000000000e+00
0.000000000000000000e+00
0.000000000000000000e+00
2.718249999999999833e-01
0.000000000000000000e+00
0.000000000000000000e+00
0.000000000000000000e+00
0.000000000000000000e+00
4.694299999999999862e-02
0.000000000000000000e+00
0.000000000000000000e+00
4.958200000000000107e-02
0.000000000000000000e+00
0.000000000000000000e+00
5.844380000000000130e-01
1.887540000000000051e-01
3.717050000000000076e-01
8.573000000000000759e-03
1.261380000000000001e-01
3.313399999999999679e-02
8.313600000000000156e-02
4.864700000000000274e-02
3.765680000000000138e-01
2.361749999999999960e-01
3.534649999999999737e-01
0.000000000000000000e+00
0.000000000000000000e+00
1.377869999999999928e-01
3.101510000000000100e-01
4.554659999999999820e-01
1.811570000000000125e-01
0.000000000000000000e+00
3.168619999999999770e-01
0.000000000000000000e+00
4.842960000000000043e-01
0.000000000000000000e+00
0.000000000000000000e+00
0.000000000000000000e+00
9.430499999999999994e-02
0.000000000000000000e+00
1.650199999999999931e-02
1.312659999999999938e-01
0.000000000000000000e+00
0.000000000000000000e+00
0.000000000000000000e+00
0.000000000000000000e+00
2.760059999999999736e-01
3.595799999999999691e-02
8.510199999999999709e-02
0.000000000000000000e+00
7.650899999999999368e-02
2.794500000000000109e-02
1.653360000000000107e-01
5.804200000000000331e-02
6.074000000000000232e-02
2.343699999999999950e-02
2.261430000000000107e-01
5.961799999999999738e-02
3.162460000000000271e-01
1.111309999999999937e-01
0.000000000000000000e+00
9.199000000000000232e-02
0.000000000000000000e+00
0.000000000000000000e+00
4.562570000000000237e-01
0.000000000000000000e+00
0.000000000000000000e+00
0.000000000000000000e+00
2.135809999999999931e-01
