1.622004560564720919e+02 -1.968623372819928647e+02 2.456320962830379244e+02
1.682974065055555570e+02 -1.922684611791113980e+02 2.378174008887817479e+02
1.564795334764486370e+02 -1.837008483798520899e+02 2.333566132742182901e+02
1.688993181461777340e+02 -1.727760719640206730e+02 2.298471054063278132e+02
1.700371575525459491e+02 -1.824134274574242340e+02 2.305802595528583083e+02
1.692731052784317001e+02 -1.804115614662628104e+02 2.324726878367939378e+02
1.835182050058362790e+02 -1.922651328530205035e+02 2.338390871141598097e+02
1.778309394608797902e+02 -1.897687958011584612e+02 2.331015361258249357e+02
1.742009812991671538e+02 -1.846650552773519962e+02 2.284275352456925816e+02
1.723054481762860917e+02 -1.826918709119991604e+02 2.263039133948677772e+02
1.932120214163821004e+02 -1.929673530000019923e+02 2.425859627195382870e+02
1.953014995003813397e+02 -1.897383538270678685e+02 2.414368806415567974e+02
1.975462038912265825e+02 -1.848978201718216212e+02 2.399380203405588929e+02
1.959568048685446797e+02 -1.843287468831011324e+02 2.348710036168231454e+02
1.951306854604862338e+02 -1.843702469910514594e+02 2.340359105066400502e+02
1.955483801462350755e+02 -1.857712865400325484e+02 2.420704539284276393e+02
1.966983278665380226e+02 -1.887099720690826530e+02 2.381157360310778017e+02
1.946286318749182271e+02 -1.902922505813641862e+02 2.436791186516301195e+02
1.952607228402505655e+02 -1.894756562258381223e+02 2.449919886288833197e+02
1.973277515488362042e+02 -1.876216852362162797e+02 2.353388331200218317e+02
1.982445838779692053e+02 -1.882378485423734844e+02 2.342456445532063185e+02
1.988662193377503229e+02 -1.835254832442686848e+02 2.342726197997162387e+02
1.719831370758678872e+02 -1.721176555702877522e+02 2.306395257511747445e+02
1.782183101643175576e+02 -1.721971079771731468e+02 2.323485722626722350e+02
1.763104199177508633e+02 -1.726654350627624126e+02 2.350408127207361133e+02
1.629460974302947420e+02 -1.977630190964067083e+02 2.467447376270472432e+02
1.624020742158293444e+02 -1.939117580037381003e+02 2.410489458930090052e+02
1.574555153633621387e+02 -1.979099669667799617e+02 2.434000137529704375e+02
1.600780835124313626e+02 -1.985647189078389658e+02 2.405985858967705155e+02
1.582845784721490077e+02 -1.982497891416176969e+02 2.372168778949451848e+02
1.639991032978940098e+02 -1.975747037492717766e+02 2.373002601887751837e+02
1.629238832735532299e+02 -1.944863241265408362e+02 2.375042589560600277e+02
1.640274376361073507e+02 -1.976088389876106532e+02 2.373412588631282176e+02
1.629265781033782901e+02 -1.944895410124650823e+02 2.375081873767909713e+02
1.646667257271898563e+02 -1.979063722433733403e+02 2.385491641578510666e+02
1.681903070781582130e+02 -1.977773600176209641e+02 2.376466578150926807e+02
1.656904438781384954e+02 -2.006200835822862985e+02 2.355625981834313905e+02
1.658252674511579983e+02 -2.004005025312750945e+02 2.384565548339564032e+02
1.553451972770569682e+02 -1.883405071961017256e+02 2.284078081183395454e+02
1.667893764512733981e+02 -2.023751908998469560e+02 2.326765605155614480e+02
1.883761540273098376e+02 -1.927773416640160065e+02 2.331704053129864747e+02
1.900776796877866275e+02 -1.992393755814116503e+02 2.206722349799592848e+02
1.893988584136647830e+02 -1.804015300583288308e+02 2.058163521731564174e+02
1.937968434020396273e+02 -1.817095383521512701e+02 2.061386331934514260e+02
1.626839483945199163e+02 -1.917897716447033076e+02 2.603780521485369945e+02
1.575550628094563592e+02 -1.905996513932923904e+02 2.579515225778566219e+02
1.518535886063170892e+02 -1.882586623342666030e+02 2.560267292961272574e+02
1.544977651907541372e+02 -1.910203593876786954e+02 2.546091757435339389e+02
1.600199703273158320e+02 -1.957683827694985439e+02 2.517758924070700743e+02
1.590698671298686691e+02 -1.926225373852836924e+02 2.515004035322933191e+02
1.579854349914144223e+02 -1.914014439417487949e+02 2.496279653836062096e+02
1.608253556183258581e+02 -1.903095513009140234e+02 2.557553531323534628e+02
1.617058156806936609e+02 -1.916296532256156979e+02 2.583324908930710535e+02
1.602163095709614424e+02 -1.897854598134988464e+02 2.556544228208422567e+02
1.609139349093097735e+02 -1.895355258332031383e+02 2.561485766825369410e+02
1.612415935659251147e+02 -1.897138164209391675e+02 2.564995353320059053e+02
1.609691314324392692e+02 -1.875342987900216656e+02 2.548754663951015687e+02
1.592148740563106912e+02 -1.914512077983261804e+02 2.504127195430349389e+02
1.612478118578943054e+02 -1.960566858158575485e+02 2.478315186803163783e+02
1.610522148885487184e+02 -1.956128549087908652e+02 2.472508880974610292e+02
1.634688104330951148e+02 -1.754342068160844690e+02 2.608404106873716159e+02
1.603777595402488032e+02 -1.857716442378212776e+02 2.656823911920858450e+02
1.553717952690147399e+02 -1.836326127199557163e+02 2.642759157060317534e+02
1.608186060847428109e+02 -1.873589318405998938e+02 2.546371274175782844e+02
1.626214705166433987e+02 -1.906229624049036886e+02 2.628235779628934665e+02
1.648513771480542971e+02 -1.878640348033202088e+02 2.616750561557222454e+02
1.737101271333640113e+02 -1.680965906695652734e+02 2.367275342481075313e+02
1.708274701206299824e+02 -1.658512676654476365e+02 2.174691583103162600e+02
1.710694052050643563e+02 -1.663730924332924417e+02 2.178936409889373067e+02
1.703463818899832631e+02 -1.862115382685556426e+02 2.246747599864166034e+02
1.723108292710698208e+02 -1.828083603502876997e+02 2.255879188809786910e+02
1.957556570576471699e+02 -1.786878047241745264e+02 2.331648598765195857e+02
1.961814878832531974e+02 -1.822373073188533112e+02 2.350853982943051221e+02
1.669679344678828272e+02 -1.706206777635669027e+02 2.062627112612518658e+02
1.704023603871600017e+02 -1.701268625908647607e+02 2.082324188782718579e+02
1.794998117677781408e+02 -1.734962099323459199e+02 2.123499737166796422e+02
1.930699690152819414e+02 -1.700980953365699406e+02 2.184733754468359450e+02
2.035422382782298030e+02 -1.698556897912749264e+02 2.169833938046045603e+02
1.956126011301335268e+02 -1.520015620813796886e+02 2.352600623112796825e+02
1.995325882114479441e+02 -1.497214344881292334e+02 2.383453592021812995e+02
1.960563121680665972e+02 -1.440026033618451891e+02 2.354538408369571414e+02
1.990151750547858285e+02 -1.465042401816698998e+02 2.373553780398303275e+02
1.987692501945568040e+02 -1.462142760177726188e+02 2.370716412534515598e+02
1.969841546848666098e+02 -1.457902733640477209e+02 2.354414763038278409e+02
1.954715442192138823e+02 -1.447705219527409497e+02 2.339688646958357765e+02
1.973427196274097923e+02 -1.464611182891769658e+02 2.296082811383643900e+02
1.983456013566590173e+02 -1.494751130480972563e+02 2.376225920716839823e+02
1.956269558399407913e+02 -1.507632486794578028e+02 2.279360584780173724e+02
2.006261444599936965e+02 -1.497442273304134801e+02 2.267454485714377768e+02
1.787953481955265715e+02 -1.712606779001427810e+02 2.319187004086210777e+02
1.679787498997841055e+02 -1.566350476473526498e+02 2.210810270336417602e+02
1.749665449582314238e+02 -1.604189821749416183e+02 2.281020450275588303e+02
1.758399291437449392e+02 -1.573971170764158387e+02 2.277723361765739014e+02
1.762971585147315352e+02 -1.579458386606428064e+02 2.285567881384959890e+02
1.754339058881384688e+02 -1.567288470732124495e+02 2.270809988249533831e+02
1.766850125818548634e+02 -1.562090894497678732e+02 2.261282860571620859e+02
1.962276767537760804e+02 -1.731066887790767339e+02 2.470786587410055404e+02
1.846488150396108381e+02 -1.628206695003498794e+02 2.316561119469672860e+02
1.865484824464664655e+02 -1.634240326234731810e+02 2.332959620037532034e+02
1.955146934603000943e+02 -1.780541013156870918e+02 2.343456729333440194e+02
1.797357578654375914e+02 -1.547638277776863163e+02 2.202526231459204951e+02
1.866102820027959979e+02 -1.544569994073018506e+02 2.246035994935070903e+02
1.910819319538327363e+02 -1.571814566850599135e+02 2.308791641127492653e+02
1.954407592375213198e+02 -1.552653732812741794e+02 2.244702086204482328e+02
1.944071376844211727e+02 -1.634297155688244345e+02 2.314388888038335210e+02
1.906055241177216146e+02 -1.593941035140081510e+02 2.300791295127923206e+02
2.025657387655534194e+02 -1.736104093853629422e+02 2.448030435641292399e+02
1.984748804628809182e+02 -1.728619662544639937e+02 2.375696893500231965e+02
1.982952501697348282e+02 -1.593770922954895752e+02 2.178940734224121627e+02
2.012633131156136983e+02 -1.622711154054137523e+02 2.279303243714846303e+02
2.025459787274909047e+02 -1.529708433985750275e+02 2.160639526339568022e+02
2.017967413906782781e+02 -1.517883679476496468e+02 2.201681108908803708e+02
2.005109751223439218e+02 -1.508428679496441021e+02 2.194761140725424582e+02
2.002446430529523411e+02 -1.518398461694798129e+02 2.196555013620043155e+02
1.981255286209045607e+02 -1.378305128256442345e+02 2.305229303823744260e+02
1.701210755167645630e+02 -1.857438457627567914e+02 2.028216626905200144e+02
1.696562580276976178e+02 -1.853854846221439630e+02 2.032166539032300534e+02
1.817214008371378782e+02 -1.996579626934780549e+02 2.179298024912168046e+02
1.752980695378948042e+02 -1.956316630677556816e+02 2.132722733521904388e+02
1.769062664822951945e+02 -1.976278640172683083e+02 2.152888759596487773e+02
1.619338657574367630e+02 -1.893748355591785639e+02 2.240110527670826173e+02
1.735551207363605215e+02 -1.868499139012528758e+02 2.050887875695347873e+02
1.733452941064311688e+02 -1.818233482666641976e+02 2.001836128040301332e+02
1.754474976822423002e+02 -1.832480398501546404e+02 2.037203643766464438e+02
1.717082936176212513e+02 -1.796291624344009961e+02 1.991540887578992454e+02
1.739442881088469051e+02 -1.817897038450088871e+02 2.024341074881995439e+02
1.779541130128090174e+02 -1.765738116927363421e+02 2.008089052976073106e+02
1.821445498063400237e+02 -1.808909289931153239e+02 2.055123949420656970e+02
1.790900091827394647e+02 -1.782916482412572066e+02 2.034158938299628119e+02
1.801676296825823727e+02 -1.801600767078410854e+02 2.035927631520705745e+02
1.781232642165322773e+02 -1.804486454739640351e+02 2.036663271605203249e+02
1.811070616669644266e+02 -1.821713281534121052e+02 2.053455443408095960e+02
1.782387856461948559e+02 -1.807803987045141128e+02 2.041160417151098159e+02
1.773127774385296789e+02 -1.853488615794123575e+02 2.056084636844653346e+02
1.749927567495811616e+02 -1.810583053462685541e+02 1.977750129500435889e+02
1.824408672447211472e+02 -2.063571448584281143e+02 2.208644954020172690e+02
2.102314286236722580e+02 -2.043399805075905817e+02 2.127846589844429843e+02
1.935572557590618885e+02 -1.977490476174976948e+02 2.392313082229160557e+02
1.936406678022230210e+02 -2.052331390658611951e+02 2.244706767685616740e+02
1.929355650627348666e+02 -1.988817538754501300e+02 2.234515808033543465e+02
1.949659175264763462e+02 -2.011236473043937565e+02 2.219591748294164972e+02
1.982271561938084119e+02 -2.045221523603456717e+02 2.263169449352428444e+02
2.035964208027135669e+02 -2.028013712578042487e+02 2.232590343176445913e+02
2.034273169951408988e+02 -2.011150110103909014e+02 2.230846177344450894e+02
